data/ras/raster.asc
NCOLS 50
NROWS 50
XLLCORNER 0
YLLCORNER 0
CELLSIZE 1
NODATA_VALUE -9999
[rows 19 to 37 of 50, columns 0 to 42 of 50]
0.8646596797340318 0.8513746912195661 0.8380897027051004 0.8248047141906347 0.811519725676169 0.7982347371617033 0.7849497486472377 0.771664760132772 0.7583797716183062 0.7450947831038406 0.7318097945893749 0.7185248060749092 0.7052398175604435 0.6919548290459778 0.678669840531512 0.6653848520170464 0.6520998635025808 0.6388148749881151 0.6255298864736494 0.6122448979591837 0.5989599094447179 0.5856749209302523 0.5723899324157866 0.5591049439013209 0.5458199553868552 0.5325349668723895 0.5192499783579237 0.5059649898434582 0.4926800013289925 0.47939501281452684 0.4661100243000611 0.4528250357855954 0.43954004727112966 0.42625505875666403 0.41297007024219834 0.3996850817277327 0.38640009321326696 0.37311510469880127 0.3598301161843355 0.34654512766986995 0.3332601391554042 0.31997515064093845 0.3066901621264729
0.8575365049831913 0.8442515164687256 0.8309665279542601 0.8176815394397943 0.8043965509253286 0.7911115624108629 0.7778265738963972 0.7645415853819315 0.7512565968674659 0.7379716083530001 0.7246866198385344 0.7114016313240688 0.6981166428096031 0.6848316542951374 0.6715466657806717 0.658261677266206 0.6449766887517403 0.6316917002372746 0.6184067117228089 0.6051217232083432 0.5918367346938775 0.578551746179412 0.5652667576649462 0.5519817691504805 0.5386967806360149 0.5254117921215491 0.5121268036070834 0.49884181509261777 0.4855568265781521 0.47227183806368633 0.4589868495492207 0.445701861034755 0.43241687252028926 0.41913188400582363 0.40584689549135794 0.3925619069768922 0.37927691846242656 0.36599192994796087 0.3527069414334951 0.3394219529190295 0.3261369644045638 0.31285197589009806 0.2995669873756325
0.850413330232351 0.8371283417178852 0.8238433532034195 0.8105583646889538 0.7972733761744881 0.7839883876600224 0.7707033991455569 0.757418410631091 0.7441334221166254 0.7308484336021597 0.7175634450876941 0.7042784565732283 0.6909934680587627 0.677708479544297 0.6644234910298312 0.6511385025153655 0.6378535140009 0.6245685254864342 0.6112835369719686 0.5979985484575029 0.5847135599430371 0.5714285714285714 0.5581435829141057 0.54485859439964 0.5315736058851744 0.5182886173707087 0.505003628856243 0.49171864034177726 0.47843365182731157 0.46514866331284593 0.4518636747983803 0.4385786862839146 0.42529369776944886 0.4120087092549831 0.39872372074051743 0.3854387322260518 0.37215374371158616 0.35886875519712047 0.3455837666826547 0.332298778168189 0.3190137896537233 0.30572880113925754 0.292443812624792
0.8432901554815104 0.8300051669670447 0.8167201784525792 0.8034351899381134 0.7901502014236478 0.7768652129091821 0.7635802243947163 0.7502952358802506 0.737010247365785 0.7237252588513192 0.7104402703368536 0.697155281822388 0.6838702933079222 0.6705853047934565 0.6573003162789909 0.6440153277645251 0.6307303392500595 0.6174453507355938 0.604160362221128 0.5908753737066623 0.5775903851921967 0.5643053966777309 0.5510204081632653 0.5377354196487997 0.5244504311343339 0.5111654426198682 0.4978804541054026 0.48459546559093686 0.4713104770764711 0.45802548856200553 0.4447405000475398 0.4314555115330741 0.41817052301860846 0.4048855345041427 0.39160054598967703 0.3783155574752114 0.36503056896074565 0.35174558044627996 0.3384605919318142 0.3251756034173486 0.3118906149028829 0.29860562638841714 0.2853206378739515
0.8361669807306701 0.8228819922162043 0.8095970037017387 0.796312015187273 0.7830270266728072 0.7697420381583415 0.756457049643876 0.7431720611294101 0.7298870726149446 0.7166020841004789 0.7033170955860131 0.6900321070715474 0.6767471185570818 0.6634621300426161 0.6501771415281504 0.6368921530136847 0.623607164499219 0.6103221759847532 0.5970371874702877 0.583752198955822 0.5704672104413563 0.5571822219268906 0.5438972334124249 0.5306122448979591 0.5173272563834935 0.5040422678690278 0.4907572793545622 0.47747229084009646 0.4641873023256307 0.450902313811165 0.4376173252966994 0.42433233678223364 0.41104734826776806 0.3977623597533023 0.3844773712388366 0.3711923827243709 0.35790739420990525 0.34462240569543956 0.3313374171809738 0.3180524286665082 0.3047674401520425 0.29148245163757674 0.2781974631231111
0.8290438059798296 0.8157588174653639 0.8024738289508982 0.7891888404364324 0.7759038519219669 0.7626188634075012 0.7493338748930355 0.7360488863785698 0.7227638978641041 0.7094789093496383 0.6961939208351727 0.682908932320707 0.6696239438062414 0.6563389552917757 0.64305396677731 0.6297689782628442 0.6164839897483786 0.6031990012339129 0.5899140127194472 0.5766290242049815 0.5633440356905158 0.55005904717605 0.5367740586615843 0.5234890701471188 0.5102040816326531 0.4969190931181874 0.4836341046037217 0.47034911608925595 0.4570641275747902 0.4437791390603246 0.430494150545859 0.41720916203139324 0.40392417351692755 0.3906391850024618 0.37735419648799606 0.3640692079735305 0.35078421945906485 0.3374992309445991 0.3242142424301334 0.31092925391566767 0.297644265401202 0.28435927688673623 0.2710742883722707
0.8219206312289892 0.8086356427145234 0.7953506542000578 0.7820656656855921 0.7687806771711264 0.7554956886566607 0.742210700142195 0.7289257116277292 0.7156407231132637 0.702355734598798 0.6890707460843323 0.6757857575698666 0.6625007690554009 0.6492157805409351 0.6359307920264695 0.6226458035120038 0.6093608149975381 0.5960758264830724 0.5827908379686068 0.5695058494541411 0.5562208609396754 0.5429358724252097 0.529650883910744 0.5163658953962783 0.5030809068818126 0.48979591836734687 0.47651092985288124 0.46322594133841555 0.4499409528239498 0.4366559643094842 0.4233709757950185 0.41008598728055273 0.39680099876608715 0.3835160102516214 0.37023102173715566 0.3569460332226901 0.34366104470822434 0.3303760561937586 0.3170910676792929 0.30380607916482727 0.2905210906503616 0.27723610213589583 0.2639511136214302
0.8147974564781487 0.801512467963683 0.7882274794492173 0.7749424909347516 0.761657502420286 0.7483725139058203 0.7350875253913546 0.7218025368768889 0.7085175483624232 0.6952325598479575 0.6819475713334918 0.6686625828190261 0.6553775943045604 0.6420926057900948 0.6288076172756292 0.6155226287611634 0.6022376402466977 0.588952651732232 0.5756676632177663 0.5623826747033006 0.549097686188835 0.5358126976743692 0.5225277091599035 0.5092427206454379 0.4959577321309722 0.48267274361650647 0.46938775510204084 0.45610276658757515 0.4428177780731094 0.4295327895586437 0.4162478010441781 0.40296281252971233 0.38967782401524675 0.376392835500781 0.36310784698631526 0.3498228584718496 0.33653786995738394 0.3232528814429182 0.3099678929284525 0.29668290441398687 0.2833979158995211 0.27011292738505543 0.2568279388705898
0.8076742817273084 0.7943892932128426 0.7811043046983769 0.7678193161839113 0.7545343276694455 0.7412493391549799 0.7279643506405142 0.7146793621260484 0.7013943736115827 0.6881093850971172 0.6748243965826514 0.6615394080681857 0.6482544195537201 0.6349694310392543 0.6216844425247886 0.608399454010323 0.5951144654958572 0.5818294769813915 0.568544488466926 0.5552594999524602 0.5419745114379945 0.5286895229235289 0.5154045344090631 0.5021195458945974 0.4888345573801318 0.4755495688656661 0.4622645803512003 0.44897959183673475 0.435694603322269 0.42240961480780326 0.4091246262933377 0.39583963777887193 0.38255464926440624 0.3692696607499406 0.35598467223547486 0.3426996837210092 0.32941469520654354 0.3161297066920778 0.3028447181776121 0.28955972966314647 0.2762747411486807 0.26298975263421503 0.2497047641197494
0.8005511069764678 0.7872661184620022 0.7739811299475364 0.7606961414330708 0.7474111529186052 0.7341261644041394 0.7208411758896737 0.7075561873752081 0.6942711988607423 0.6809862103462767 0.667701221831811 0.6544162333173452 0.6411312448028795 0.627846256288414 0.6145612677739483 0.6012762792594826 0.5879912907450169 0.5747063022305512 0.5614213137160854 0.5481363252016197 0.5348513366871541 0.5215663481726884 0.5082813596582227 0.494996371143757 0.4817113826292913 0.46842639411482556 0.4551414056003599 0.44185641708589435 0.4285714285714286 0.41528644005696286 0.40200145154249717 0.3887164630280314 0.3754314745135658 0.3621464859991002 0.34886149748463446 0.3355765089701687 0.32229152045570303 0.3090065319412373 0.2957215434267716 0.28243655491230607 0.2691515663978403 0.25586657788337464 0.2425815893689089
0.7934279322256274 0.7801429437111618 0.7668579551966961 0.7535729666822304 0.7402879781677646 0.727002989653299 0.7137180011388333 0.7004330126243676 0.687148024109902 0.6738630355954363 0.6605780470809705 0.6472930585665049 0.6340080700520392 0.6207230815375735 0.6074380930231078 0.5941531045086421 0.5808681159941763 0.5675831274797107 0.554298138965245 0.5410131504507792 0.5277281619363137 0.514443173421848 0.5011581849073822 0.4878731963929166 0.4745882078784509 0.46130321936398516 0.4480182308495195 0.43473324233505384 0.4214482538205881 0.40816326530612246 0.39487827679165677 0.381593288277191 0.3683082997627254 0.3550233112482597 0.34173832273379395 0.3284533342193283 0.31516834570486263 0.3018833571903969 0.2885983686759312 0.27531338016146556 0.2620283916469998 0.2487434031325341 0.2354584146180685
0.786304757474787 0.7730197689603213 0.7597347804458556 0.7464497919313899 0.7331648034169244 0.7198798149024586 0.7065948263879929 0.6933098378735272 0.6800248493590614 0.6667398608445958 0.6534548723301301 0.6401698838156644 0.6268848953011987 0.613599906786733 0.6003149182722672 0.5870299297578017 0.573744941243336 0.5604599527288703 0.5471749642144046 0.5338899756999389 0.5206049871854732 0.5073199986710075 0.49403501015654183 0.4807500216420762 0.46746503312761045 0.45418004461314476 0.440895056098679 0.4276100675842134 0.4143250790697477 0.40104009055528206 0.38775510204081637 0.3744701135263506 0.3611851250118849 0.3479001364974193 0.33461514798295355 0.3213301594684879 0.30804517095402223 0.2947601824395565 0.28147519392509074 0.26819020541062516 0.2549052168961594 0.2416202283816937 0.2283352398672281
0.7791815827239466 0.7658965942094809 0.7526116056950153 0.7393266171805495 0.7260416286660838 0.7127566401516181 0.6994716516371524 0.6861866631226867 0.6729016746082211 0.6596166860937555 0.6463316975792897 0.633046709064824 0.6197617205503584 0.6064767320358926 0.5931917435214269 0.5799067550069613 0.5666217664924955 0.5533367779780298 0.5400517894635642 0.5267668009490984 0.5134818124346328 0.5001968239201672 0.48691183540570143 0.4736268468912357 0.46034185837677005 0.44705686986230436 0.4337718813478386 0.420486892833373 0.4072019043189073 0.39391691580444155 0.3806319272899759 0.3673469387755102 0.3540619502610445 0.3407769617465789 0.32749197323211315 0.3142069847176474 0.30092199620318183 0.2876370076887161 0.27435201917425034 0.26106703065978476 0.24778204214531901 0.2344970536308533 0.22121206511638766
0.7720584079731062 0.7587734194586405 0.7454884309441747 0.732203442429709 0.7189184539152434 0.7056334654007776 0.6923484768863121 0.6790634883718464 0.6657784998573806 0.6524935113429149 0.6392085228284493 0.6259235343139835 0.6126385457995179 0.5993535572850522 0.5860685687705864 0.5727835802561208 0.5594985917416552 0.5462136032271894 0.5329286147127238 0.5196436261982581 0.5063586376837923 0.4930736491693266 0.4797886606548609 0.4665036721403953 0.45321868362592965 0.43993369511146396 0.4266487065969982 0.41336371808253247 0.4000787295680668 0.38679374105360115 0.3735087525391355 0.3602237640246698 0.3469387755102041 0.3336537869957384 0.32036879848127264 0.307083809966807 0.29379882145234143 0.2805138329378757 0.26722884442340994 0.25394385590894425 0.2406588673944785 0.2273738788800128 0.21408889036554726
0.7649352332222656 0.7516502447078 0.7383652561933344 0.7250802676788686 0.711795279164403 0.6985102906499373 0.6852253021354715 0.6719403136210058 0.6586553251065402 0.6453703365920744 0.6320853480776089 0.6188003595631432 0.6055153710486774 0.5922303825342117 0.5789453940197461 0.5656604055052804 0.5523754169908147 0.539090428476349 0.5258054399618833 0.5125204514474175 0.49923546293295196 0.4859504744184862 0.4726654859040205 0.4593804973895549 0.44609550887508914 0.43281052036062345 0.4195255318461578 0.40624054333169207 0.3929555548172264 0.37967056630276075 0.366385577788295 0.3531005892738293 0.3398156007593637 0.32653061224489793 0.31324562373043224 0.2999606352159666 0.28667564670150086 0.2733906581870352 0.26010566967256943 0.24682068115810382 0.2335356926436381 0.2202507041291724 0.20696571561470675
0.7578120584714253 0.7445270699569596 0.7312420814424939 0.7179570929280282 0.7046721044135625 0.6913871158990967 0.6781021273846312 0.6648171388701655 0.6515321503556998 0.6382471618412341 0.6249621733267684 0.6116771848123026 0.598392196297837 0.5851072077833713 0.5718222192689056 0.55853723075444 0.5452522422399743 0.5319672537255085 0.5186822652110429 0.5053972766965772 0.49211228818211156 0.4788272996676458 0.46554231115318007 0.4522573226387144 0.43897233412424874 0.42568734560978305 0.4124023570953174 0.3991173685808517 0.385832380066386 0.37254739155192024 0.3592624030374546 0.3459774145229889 0.3326924260085233 0.31940743749405753 0.30612244897959184 0.2928374604651261 0.27955247195066046 0.2662674834361948 0.25298249492172903 0.23969750640726342 0.2264125178927977 0.21312752937833196 0.19984254086386635
0.7506888837205848 0.7374038952061192 0.7241189066916535 0.7108339181771877 0.6975489296627221 0.6842639411482564 0.6709789526337907 0.657693964119325 0.6444089756048593 0.6311239870903935 0.617838998575928 0.6045540100614623 0.5912690215469966 0.5779840330325309 0.5646990445180652 0.5514140560035994 0.5381290674891338 0.5248440789746681 0.5115590904602024 0.49827410194573674 0.48498911343127105 0.4717041249168053 0.45841913640233956 0.445134147887874 0.43184915937340834 0.4185641708589426 0.4052791823444769 0.39199419383001116 0.37870920531554547 0.36542421680107984 0.3521392282866142 0.3388542397721485 0.32556925125768277 0.312284262743217 0.29899927422875133 0.2857142857142857 0.27242929719982006 0.2591443086853544 0.24585932017088863 0.2325743316564229 0.2192893431419572 0.20600435462749145 0.19271936611302595
0.7435657089697444 0.7302807204552787 0.716995731940813 0.7037107434263474 0.6904257549118816 0.6771407663974159 0.6638557778829502 0.6505707893684846 0.6372858008540189 0.6240008123395533 0.6107158238250876 0.5974308353106218 0.5841458467961561 0.5708608582816905 0.5575758697672247 0.5442908812527592 0.5310058927382935 0.5177209042238277 0.504435915709362 0.4911509271948962 0.47786593868043065 0.464580950165965 0.45129596165149927 0.4380109731370336 0.42472598462256783 0.4114409961081021 0.3981560075936365 0.3848710190791709 0.3715860305647051 0.35830104205023944 0.3450160535357737 0.331731065021308 0.31844607650684237 0.30516108799237673 0.29187609947791104 0.2785911109634453 0.26530612244897955 0.25202113393451386 0.23873614542004812 0.22545115690558262 0.21216616839111688 0.19888117987665116 0.18559619136218544
0.7364425342189039 0.7231575457044384 0.7098725571899727 0.6965875686755069 0.6833025801610412 0.6700175916465755 0.6567326031321098 0.6434476146176441 0.6301626261031785 0.6168776375887127 0.603592649074247 0.5903076605597813 0.5770226720453157 0.56373768353085 0.5504526950163844 0.5371677065019186 0.5238827179874529 0.5105977294729872 0.49731274095852157 0.4840277524440558 0.4707427639295902 0.4574577754151245 0.44417278690065876 0.43088779838619307 0.41760280987172743 0.4043178213572617 0.3910328328427961 0.37774784432833036 0.3644628558138646 0.3511778672993989 0.3378928787849333 0.32460789027046755 0.31132290175600197 0.2980379132415362 0.28475292472707053 0.2714679362126048 0.25818294769813915 0.24489795918367344 0.23161297066920772 0.2183279821547421 0.20504299364027637 0.19175800512581065 0.17847301661134504
