data/ras/raster.asc
NCOLS 50
NROWS 50
XLLCORNER 0
YLLCORNER 0
CELLSIZE 1
NODATA_VALUE -9999
[rows 0 to 18 of 50, columns 0 to 42 of 50]
1.0 0.9867150114855343 0.9734300229710685 0.9601450344566029 0.9468600459421372 0.9335750574276716 0.9202900689132059 0.9070050803987402 0.8937200918842745 0.8804351033698088 0.8671501148553431 0.8538651263408774 0.8405801378264117 0.827295149311946 0.8140101607974803 0.8007251722830147 0.787440183768549 0.7741551952540834 0.7608702067396176 0.7475852182251519 0.7343002297106862 0.7210152411962205 0.7077302526817548 0.6944452641672892 0.6811602756528234 0.6678752871383578 0.6545902986238921 0.6413053101094264 0.6280203215949607 0.6147353330804951 0.6014503445660293 0.5881653560515636 0.5748803675370979 0.5615953790226322 0.5483103905081665 0.535025401993701 0.5217404134792352 0.5084554249647695 0.4951704364503038 0.48188544793583815 0.4686004594213724 0.4553154709069067 0.4420304823924411
0.9928768252491594 0.979591836734694 0.9663068482202283 0.9530218597057625 0.9397368711912968 0.9264518826768311 0.9131668941623655 0.8998819056478997 0.886596917133434 0.8733119286189684 0.8600269401045026 0.846741951590037 0.8334569630755714 0.8201719745611056 0.8068869860466399 0.7936019975321743 0.7803170090177085 0.7670320205032428 0.7537470319887771 0.7404620434743113 0.7271770549598457 0.7138920664453802 0.7006070779309144 0.6873220894164487 0.674037100901983 0.6607521123875172 0.6474671238730516 0.634182135358586 0.6208971468441202 0.6076121583296545 0.5943271698151888 0.5810421813007232 0.5677571927862575 0.5544722042717919 0.5411872157573262 0.5279022272428604 0.5146172387283948 0.5013322502139291 0.48804726169946333 0.47476227318499775 0.461477284670532 0.4481922961560663 0.4349073076416007
0.9857536504983192 0.9724686619838535 0.9591836734693877 0.945898684954922 0.9326136964404564 0.9193287079259906 0.9060437194115251 0.8927587308970594 0.8794737423825936 0.8661887538681279 0.8529037653536623 0.8396187768391965 0.8263337883247309 0.8130487998102652 0.7997638112957994 0.7864788227813337 0.7731938342668682 0.7599088457524024 0.7466238572379368 0.7333388687234711 0.7200538802090053 0.7067688916945396 0.6934839031800739 0.6801989146656083 0.6669139261511426 0.653628937636677 0.6403439491222113 0.6270589606077455 0.6137739720932798 0.6004889835788142 0.5872039950643485 0.5739190065498828 0.5606340180354171 0.5473490295209513 0.5340640410064856 0.5207790524920201 0.5074940639775543 0.49420907546308857 0.4809240869486228 0.46763909843415724 0.4543541099196915 0.4410691214052258 0.42778413289076017
0.9786304757474786 0.9653454872330129 0.9520604987185474 0.9387755102040816 0.925490521689616 0.9122055331751503 0.8989205446606845 0.8856355561462188 0.8723505676317532 0.8590655791172875 0.8457805906028218 0.8324956020883562 0.8192106135738905 0.8059256250594247 0.7926406365449591 0.7793556480304934 0.7660706595160277 0.752785671001562 0.7395006824870963 0.7262156939726305 0.7129307054581648 0.6996457169436993 0.6863607284292335 0.6730757399147679 0.6597907514003022 0.6465057628858364 0.6332207743713707 0.6199357858569051 0.6066507973424393 0.5933658088279737 0.580080820313508 0.5667958317990422 0.5535108432845766 0.540225854770111 0.5269408662556452 0.5136558777411796 0.5003708892267139 0.48708590071224817 0.4738009121977824 0.46051592368331684 0.4472309351688511 0.43394594665438535 0.42066095813991977
0.9715073009966382 0.9582223124821726 0.9449373239677069 0.9316523354532412 0.9183673469387755 0.9050823584243097 0.8917973699098442 0.8785123813953785 0.8652273928809128 0.8519424043664471 0.8386574158519814 0.8253724273375156 0.81208743882305 0.7988024503085843 0.7855174617941186 0.7722324732796529 0.7589474847651873 0.7456624962507215 0.7323775077362559 0.7190925192217902 0.7058075307073245 0.6925225421928588 0.6792375536783931 0.6659525651639273 0.6526675766494617 0.639382588134996 0.6260975996205304 0.6128126111060647 0.599527622591599 0.5862426340771333 0.5729576455626676 0.5596726570482019 0.5463876685337363 0.5331026800192705 0.5198176915048048 0.5065327029903391 0.4932477144758735 0.47996272596140777 0.466677737446942 0.45339274893247644 0.4401077604180107 0.42682277190354495 0.41353778338907937
0.9643841262457978 0.9510991377313321 0.9378141492168665 0.9245291607024008 0.9112441721879351 0.8979591836734694 0.8846741951590037 0.871389206644538 0.8581042181300723 0.8448192296156066 0.8315342411011409 0.8182492525866752 0.8049642640722096 0.7916792755577439 0.7783942870432782 0.7651092985288125 0.7518243100143468 0.7385393214998811 0.7252543329854155 0.7119693444709497 0.698684355956484 0.6853993674420183 0.6721143789275525 0.658829390413087 0.6455444018986214 0.6322594133841556 0.6189744248696899 0.6056894363552242 0.5924044478407584 0.5791194593262928 0.5658344708118273 0.5525494822973614 0.5392644937828958 0.5259795052684301 0.5126945167539644 0.4994095282394987 0.48612453972503306 0.47283955121056737 0.4595545626961016 0.446269574181636 0.4329845856671703 0.41969959715270455 0.40641460863823897
0.9572609514949574 0.9439759629804917 0.930690974466026 0.9174059859515603 0.9041209974370946 0.8908360089226289 0.8775510204081632 0.8642660318936976 0.8509810433792319 0.8376960548647663 0.8244110663503006 0.8111260778358348 0.7978410893213691 0.7845561008069034 0.7712711122924377 0.7579861237779721 0.7447011352635065 0.7314161467490407 0.718131158234575 0.7048461697201093 0.6915611812056436 0.678276192691178 0.6649912041767123 0.6517062156622465 0.6384212271477808 0.6251362386333151 0.6118512501188494 0.5985662616043839 0.5852812730899182 0.5719962845754524 0.5587112960609867 0.545426307546521 0.5321413190320553 0.5188563305175897 0.5055713420031239 0.4922863534886583 0.47900136497419254 0.46571637645972686 0.4524313879452611 0.4391463994307955 0.4258614109163298 0.41257642240186404 0.39929143388739846
0.9501377767441169 0.9368527882296513 0.9235677997151857 0.9102828112007199 0.8969978226862542 0.8837128341717886 0.8704278456573228 0.8571428571428572 0.8438578686283915 0.8305728801139257 0.81728789159946 0.8040029030849943 0.7907179145705286 0.7774329260560631 0.7641479375415974 0.7508629490271316 0.7375779605126659 0.7242929719982002 0.7110079834837345 0.6977229949692688 0.6844380064548032 0.6711530179403374 0.6578680294258717 0.6445830409114061 0.6312980523969405 0.6180130638824747 0.6047280753680091 0.5914430868535434 0.5781580983390776 0.5648731098246119 0.5515881213101463 0.5383031327956805 0.525018144281215 0.5117331557667493 0.4984481672522835 0.4851631787378179 0.47187819022335215 0.45859320170888646 0.4453082131944207 0.4320232246799551 0.4187382361654894 0.40545324765102364 0.392168259136558
0.9430146019932766 0.9297296134788108 0.9164446249643451 0.9031596364498795 0.8898746479354137 0.8765896594209481 0.8633046709064824 0.8500196823920166 0.836734693877551 0.8234497053630854 0.8101647168486197 0.796879728334154 0.7835947398196883 0.7703097513052226 0.7570247627907568 0.7437397742762912 0.7304547857618255 0.7171697972473599 0.7038848087328942 0.6905998202184285 0.6773148317039627 0.6640298431894971 0.6507448546750314 0.6374598661605657 0.6241748776461 0.6108898891316343 0.5976049006171685 0.584319912102703 0.5710349235882373 0.5577499350737716 0.5444649465593059 0.5311799580448402 0.5178949695303744 0.5046099810159088 0.4913249925014431 0.4780400039869774 0.46475501547251175 0.45147002695804606 0.4381850384435803 0.4249000499291147 0.411615061414649 0.39833007290018324 0.3850450843857176
0.9358914272424361 0.9226064387279704 0.9093214502135047 0.896036461699039 0.8827514731845734 0.8694664846701077 0.8561814961556419 0.8428965076411763 0.8296115191267106 0.8163265306122449 0.8030415420977792 0.7897565535833135 0.7764715650688477 0.7631865765543822 0.7499015880399165 0.7366165995254508 0.7233316110109851 0.7100466224965194 0.6967616339820536 0.6834766454675879 0.6701916569531223 0.6569066684386566 0.643621679924191 0.6303366914097253 0.6170517028952595 0.6037667143807938 0.5904817258663282 0.5771967373518625 0.5639117488373968 0.5506267603229311 0.5373417718084654 0.5240567832939996 0.510771794779534 0.4974868062650684 0.48420181775060267 0.470916829236137 0.45763184072167135 0.44434685220720566 0.4310618636927399 0.4177768751782743 0.4044918866638086 0.39120689814934284 0.3779219096348772
0.9287682524915957 0.91548326397713 0.9021982754626643 0.8889132869481986 0.8756282984337329 0.8623433099192672 0.8490583214048016 0.8357733328903358 0.8224883443758702 0.8092033558614045 0.7959183673469387 0.7826333788324731 0.7693483903180075 0.7560634018035417 0.742778413289076 0.7294934247746103 0.7162084362601446 0.7029234477456789 0.6896384592312134 0.6763534707167477 0.6630684822022819 0.6497834936878162 0.6364985051733505 0.6232135166588848 0.6099285281444192 0.5966435396299535 0.5833585511154877 0.570073562601022 0.5567885740865564 0.5435035855720907 0.5302185970576251 0.5169336085431593 0.5036486200286936 0.4903636315142279 0.47707864299976216 0.4637936544852966 0.45050866597083083 0.43722367745636515 0.4239386889418994 0.41065370042743377 0.3973687119129681 0.38408372339850233 0.3707987348840367
0.9216450777407552 0.9083600892262895 0.8950751007118238 0.8817901121973581 0.8685051236828926 0.8552201351684268 0.8419351466539611 0.8286501581394954 0.8153651696250298 0.802080181110564 0.7887951925960984 0.7755102040816327 0.7622252155671669 0.7489402270527012 0.7356552385382356 0.7223702500237699 0.7090852615093043 0.6958002729948386 0.6825152844803728 0.6692302959659071 0.6559453074514414 0.6426603189369757 0.62937533042251 0.6160903419080445 0.6028053533935787 0.589520364879113 0.5762353763646473 0.5629503878501816 0.5496653993357159 0.5363804108212503 0.5230954223067845 0.5098104337923188 0.49652544527785325 0.4832404567633875 0.46995546824892176 0.4566704797344562 0.44338549121999044 0.4301005027055247 0.416815514191059 0.40353052567659337 0.3902455371621276 0.37696054864766193 0.3636755601331963
0.9145219029899149 0.9012369144754491 0.8879519259609834 0.8746669374465178 0.861381948932052 0.8480969604175863 0.8348119719031207 0.8215269833886549 0.8082419948741894 0.7949570063597237 0.7816720178452579 0.7683870293307922 0.7551020408163266 0.7418170523018608 0.7285320637873951 0.7152470752729295 0.7019620867584637 0.688677098243998 0.6753921097295325 0.6621071212150667 0.648822132700601 0.6355371441861354 0.6222521556716696 0.6089671671572039 0.5956821786427383 0.5823971901282726 0.5691122016138068 0.5558272130993412 0.5425422245848756 0.5292572360704098 0.5159722475559442 0.5026872590414785 0.48940227052701274 0.4761172820125471 0.46283229349808136 0.44954730498361567 0.43626231646915004 0.4229773279546843 0.4096923394402186 0.39640735092575297 0.3831223624112872 0.36983737389682153 0.3565523853823559
0.9073987282390744 0.8941137397246087 0.8808287512101429 0.8675437626956772 0.8542587741812117 0.8409737856667459 0.8276887971522803 0.8144038086378146 0.8011188201233488 0.7878338316088831 0.7745488430944175 0.7612638545799518 0.7479788660654861 0.7346938775510204 0.7214088890365548 0.708123900522089 0.6948389120076234 0.6815539234931577 0.668268934978692 0.6549839464642263 0.6416989579497606 0.6284139694352948 0.6151289809208291 0.6018439924063635 0.5885590038918979 0.5752740153774322 0.5619890268629665 0.5487040383485007 0.535419049834035 0.5221340613195694 0.5088490728051037 0.49556408429063803 0.4822790957761723 0.4689941072617066 0.45570911874724085 0.44242413023277527 0.42913914171830964 0.4158541532038439 0.4025691646893782 0.38928417617491246 0.3759991876604467 0.362714199145981 0.3494292106315155
0.900275553488234 0.8869905649737683 0.8737055764593026 0.8604205879448369 0.8471355994303712 0.8338506109159055 0.8205656224014398 0.807280633886974 0.7939956453725084 0.7807106568580428 0.7674256683435771 0.7541406798291114 0.7408556913146457 0.7275707028001799 0.7142857142857143 0.7010007257712486 0.6877157372567829 0.6744307487423172 0.6611457602278515 0.6478607717133857 0.6345757831989202 0.6212907946844545 0.6080058061699887 0.5947208176555231 0.5814358291410574 0.5681508406265916 0.554865852112126 0.5415808635976603 0.5282958750831946 0.515010886568729 0.5017258980542633 0.4884409095397975 0.4751559210253319 0.4618709325108662 0.44858594399640045 0.4353009554819348 0.4220159669674691 0.4087309784530034 0.3954459899385377 0.38216100142407206 0.3688760129096063 0.3555910243951406 0.342306035880675
0.8931523787373935 0.8798673902229278 0.8665824017084621 0.8532974131939964 0.8400124246795307 0.8267274361650649 0.8134424476505994 0.8001574591361337 0.786872470621668 0.7735874821072023 0.7603024935927366 0.7470175050782708 0.7337325165638052 0.7204475280493395 0.7071625395348738 0.6938775510204082 0.6805925625059425 0.6673075739914768 0.6540225854770111 0.6407375969625454 0.6274526084480798 0.614167619933614 0.6008826314191483 0.5875976429046826 0.574312654390217 0.5610276658757513 0.5477426773612857 0.5344576888468199 0.5211727003323542 0.5078877118178885 0.49460272330342286 0.4813177347889571 0.4680327462744915 0.4547477577600258 0.44146276924556005 0.4281777807310943 0.4148927922166287 0.401607803702163 0.3883228151876973 0.37503782667323166 0.3617528381587659 0.3484678496443002 0.3351828611298346
0.886029203986553 0.8727442154720874 0.8594592269576217 0.846174238443156 0.8328892499286903 0.8196042614142247 0.8063192728997589 0.7930342843852932 0.7797492958708275 0.766464307356362 0.7531793188418962 0.7398943303274305 0.7266093418129649 0.7133243532984991 0.7000393647840334 0.6867543762695678 0.673469387755102 0.6601843992406363 0.6468994107261707 0.6336144222117049 0.6203294336972393 0.6070444451827737 0.5937594566683079 0.5804744681538422 0.5671894796393766 0.5539044911249108 0.5406195026104451 0.5273345140959795 0.5140495255815137 0.500764537067048 0.48747954855258246 0.4741945600381167 0.460909571523651 0.4476245830091854 0.43433959449471965 0.4210546059802539 0.4077696174657883 0.3944846289513226 0.38119964043685683 0.36791465192239126 0.3546296634079255 0.34134467489345977 0.3280596863789942
0.8789060292357126 0.865621040721247 0.8523360522067812 0.8390510636923156 0.82576607517785 0.8124810866633841 0.7991960981489185 0.7859111096344529 0.7726261211199871 0.7593411326055215 0.7460561440910558 0.73277115557659 0.7194861670621243 0.7062011785476587 0.6929161900331929 0.6796312015187274 0.6663462130042617 0.6530612244897959 0.6397762359753302 0.6264912474608645 0.6132062589463988 0.5999212704319332 0.5866362819174675 0.5733512934030017 0.560066304888536 0.5467813163740703 0.5334963278596048 0.5202113393451391 0.5069263508306734 0.49364136231620764 0.48035637380174195 0.4670713852872762 0.4537863967728106 0.440501408258345 0.42721641974387925 0.4139314312294135 0.4006464427149478 0.38736145420048207 0.3740764656860163 0.36079147717155086 0.3475064886570851 0.33422150014261937 0.3209365116281537
0.8717828544848721 0.8584978659704066 0.8452128774559409 0.8319278889414751 0.8186429004270094 0.8053579119125438 0.792072923398078 0.7787879348836124 0.7655029463691467 0.7522179578546809 0.7389329693402152 0.7256479808257497 0.712362992311284 0.6990780037968183 0.6857930152823526 0.6725080267678869 0.6592230382534211 0.6459380497389555 0.6326530612244898 0.619368072710024 0.6060830841955585 0.5927980956810928 0.579513107166627 0.5662281186521614 0.5529431301376957 0.5396581416232299 0.5263731531087643 0.5130881645942986 0.4998031760798329 0.48651818756536724 0.4732331990509015 0.4599482105364358 0.4466632220219702 0.43337823350750443 0.42009324499303874 0.4068082564785731 0.3935232679641074 0.38023827944964167 0.3669532909351759 0.35366830242071035 0.3403833139062446 0.32709832539177885 0.3138133368773133
